%YAML:1.0
aruco_bc_nmarkers: 4
aruco_bc_mInfoType: 1
aruco_bc_markers:
   - { id: 000, corners:[ [ -0.17, -0.17, 0. ], [ -0.01, -0.17, 0. ], [ -0.01, -0.01, 0. ], [ -0.17, -0.01, 0. ] ] }
   - { id: 001, corners:[ [ 0.01, -0.17, 0. ], [ 0.17, -0.17, 0. ], [ 0.17, -0.01, 0. ], [ 0.01, -0.01, 0. ] ] }
   - { id: 002, corners:[ [ -0.17, 0.01, 0. ], [ -0.01, 0.01, 0. ], [ -0.01, 0.17, 0. ], [ -0.17, 0.17, 0. ] ] }
   - { id: 003, corners:[ [ 0.01, 0.01, 0. ], [ 0.17, 0.01, 0. ], [ 0.17, 0.17, 0. ], [ 0.01, 0.17, 0. ] ] }
